test_size=0.2

Accuracy: 0.7777777777777778
Precision: 0.3333333333333333
Recall: 0.2
F1 Score: 0.7777777777777778