test_size=0.2

Accuracy: 0.7777777777777778
F1 Score: 0.7777777777777778